0 t02
0.1565 0.1284 0.0266 0.016 0.1522 0.1212
0 t04
0.1565 0.1284 0.0266 0.016 0.1522 0.1212
0 t06
0.1565 0.1284 0.0266 0.016 0.1522 0.1212
0 t08
0.1565 0.1284 0.0266 0.016 0.1522 0.1212
0 t10
0.1565 0.1284 0.0266 0.016 0.1522 0.1212
1 t02
0.1636 0.1297 0.0354 0.0203 0.1562 0.1206
1 t04
0.1636 0.1297 0.0354 0.0203 0.1562 0.1206
1 t06
0.1636 0.1297 0.0354 0.0203 0.1562 0.1206
1 t08
0.1636 0.1297 0.0354 0.0203 0.1562 0.1206
1 t10
0.1636 0.1297 0.0354 0.0203 0.1562 0.1206
2 t02
0.1599 0.1241 0.0328 0.0261 0.1552 0.1181
2 t04
0.1599 0.1241 0.0328 0.0261 0.1552 0.1181
2 t06
0.1599 0.1241 0.0328 0.0261 0.1552 0.1181
2 t08
0.1599 0.1241 0.0328 0.0261 0.1552 0.1181
2 t10
0.1599 0.1241 0.0328 0.0261 0.1552 0.1181
3 t02
0.1537 0.1337 0.0241 0.0181 0.1445 0.1227
3 t04
0.1401 0.1184 0.0237 0.016 0.1283 0.1081
3 t06
0.1345 0.116 0.016 0.0156 0.1302 0.1123
3 t08
0.1209 0.1036 0.0221 0.0128 0.1159 0.098
3 t10
0.0847 0.0705 0.0189 0.0121 0.0835 0.0687
4 t02
0.1591 0.1284 0.0303 0.021 0.155 0.123
4 t04
0.1492 0.1312 0.025 0.0192 0.1461 0.1273
4 t06
0.1666 0.1391 0.029 0.0274 0.1557 0.1289
4 t08
0.1254 0.1087 0.021 0.0168 0.1216 0.1056
4 t10
0.1066 0.0895 0.0144 0.0085 0.1014 0.0841
5 t02
0.1586 0.1333 0.0321 0.0225 0.1519 0.1241
5 t04
0.1403 0.1081 0.0266 0.0106 0.1362 0.1029
5 t06
0.1329 0.1098 0.0123 0.0091 0.1273 0.1042
5 t08
0.1068 0.0819 0.0111 0.0067 0.1058 0.0809
5 t10
0.1032 0.094 0.0152 0.0171 0.0981 0.0878
6 t02
0.1467 0.1252 0.0264 0.016 0.1424 0.1187
6 t04
0.1623 0.1338 0.0351 0.0285 0.1576 0.1309
6 t06
0.1324 0.1145 0.0275 0.0262 0.1296 0.1113
6 t08
0.0818 0.0785 0.0096 0.0096 0.0813 0.0779
6 t10
0.1442 0.1067 0.0265 0.0127 0.1409 0.1026
7 t02
0.1495 0.1223 0.0204 0.0112 0.144 0.1141
7 t04
0.1498 0.1302 0.0295 0.0195 0.1462 0.1247
7 t06
0.1506 0.1311 0.0249 0.0214 0.147 0.1273
7 t08
0.1501 0.1224 0.0233 0.0148 0.1487 0.1208
7 t10
0.1333 0.1001 0.0213 0.0138 0.1281 0.0964
8 t02
0.1635 0.137 0.0241 0.0148 0.1572 0.1277
8 t04
0.1502 0.1218 0.0165 0.0122 0.145 0.1166
8 t06
0.1504 0.125 0.0222 0.016 0.1454 0.1192
8 t08
0.1484 0.121 0.0253 0.0271 0.1414 0.1145
8 t10
0.1207 0.1029 0.0158 0.0114 0.1167 0.0997
9 t02
0.154 0.1286 0.0239 0.0129 0.147 0.121
9 t04
0.1524 0.1225 0.0326 0.0192 0.1438 0.1156
9 t06
0.1521 0.1339 0.0338 0.0274 0.1507 0.1312
9 t08
0.1262 0.1112 0.0263 0.0203 0.1244 0.1082
9 t10
0.1133 0.0839 0.0178 0.0127 0.1095 0.0812
10 t02
0.1683 0.14 0.0244 0.0146 0.1596 0.1293
10 t04
0.1572 0.1259 0.0216 0.0206 0.1514 0.1194
10 t06
0.1358 0.1228 0.028 0.0234 0.1275 0.1133
11 t02
0.1568 0.133 0.0237 0.0162 0.1506 0.1245
11 t04
0.1541 0.1246 0.0256 0.0139 0.1489 0.1181
11 t06
0.1613 0.1411 0.025 0.017 0.1516 0.1321
11 t08
0.1467 0.1293 0.0356 0.0294 0.1419 0.1237
11 t10
0.1329 0.1028 0.021 0.009 0.1288 0.0996
12 t02
0.1556 0.1315 0.0281 0.0213 0.15 0.1243
12 t04
0.1466 0.1272 0.0152 0.0164 0.1412 0.1175
12 t06
0.1475 0.1352 0.0282 0.0208 0.1456 0.1311
12 t08
0.1374 0.1131 0.0223 0.0199 0.1329 0.1097
12 t10
0.1265 0.1156 0.0088 0.0113 0.119 0.1103
13 t02
0.1532 0.1294 0.028 0.02 0.1478 0.122
13 t04
0.1483 0.1272 0.0314 0.0202 0.1468 0.1233
13 t06
0.1555 0.1209 0.0216 0.0122 0.1517 0.1172
13 t08
0.1454 0.1196 0.0277 0.0197 0.1402 0.1145
13 t10
0.1426 0.1199 0.0276 0.0225 0.1404 0.1177
14 t02
0.1556 0.1324 0.025 0.0177 0.1503 0.1263
14 t04
0.1607 0.1412 0.0297 0.0199 0.1525 0.1326
14 t06
0.1456 0.1242 0.0302 0.0237 0.1395 0.1166
14 t08
0.1324 0.1141 0.0312 0.0218 0.1275 0.109
14 t10
0.1317 0.1074 0.0272 0.0156 0.1249 0.1021
